$ANSIBLE_VAULT;1.1;AES256
31313163666264353965313735386438373932373936363834356134643931663337653761623765
3766633931303765383634383836383039383334613736310a643362653838383039386561316265
34376266613439646463363136663961653936336637383338613461316566303139633036393565
3232653138643036380a303139633862313661663965646362663366346566393838343131363832
30653434393031643435373665383266623635333038383032313234313132376437666562616465
35613661336265376365383035636165653461353835346137616432313132643038643436356131
31636636666634633035643637323530343166346465326139323439633431366132366432373631
37326139643864326631336363326439626366393738633434656234396536663438343763393633
32393061333737333734343962373935313138653137393830616130666431373432303962363066
62666132623466616630656238613437396430393963666664366237333730646439663838373162
37653662623664356562633063636561343135333734323730313563333964306534613239653062
64633639376539323961
